-8.1013	5.6287e-14	9.006e-14	44.796	-29.098	-115.26	0.10456	-27.799	10.842	0.97128	-10.109	5.0215	-0.13123	0.13123	0.13123	-0.13123
-0.61892	6.6487e-13	1.3297e-12	36.535	-13.447	-106.4	0.15866	-30.401	8.7017	-10.468	7.0265	11.928	-0.15739	0.15739	0.15739	-0.15739
-0.61892	6.6487e-13	1.3297e-12	36.535	-13.447	-106.4	0.15866	-30.401	8.7017	-10.468	7.0265	11.928	-0.15739	0.15739	0.15739	-0.15739
-8.1013	5.6287e-14	9.006e-14	44.796	-29.098	-115.26	0.10456	-27.799	10.842	0.97128	-10.109	5.0215	-0.13123	0.13123	0.13123	-0.13123
-2.5835	1.7573e-13	3.1631e-13	34.633	-35.707	-127.23	0.12726	-44.445	9.3902	7.3688	-7.579	8.7215	-0.10937	0.10937	0.10937	-0.10937
-40.513	1.0589e-14	2.1178e-14	41.541	-19.011	-120	0.145	-30.57	10	5.66	-10.78	5.66	-0.1023	0.1023	0.1023	-0.1023
-116.07	6.3756e-15	6.3756e-15	41.375	-26.989	-120	0.145	-30.57	10	5.66	-10.78	5.66	-0.1023	0.1023	0.1023	-0.1023
-35.572	1.2032e-14	3.3689e-14	41.302	-30.977	-120	0.145	-30.57	10	5.66	-10.78	5.66	-0.1023	0.1023	0.1023	-0.1023
-20.77	2.2075e-14	4.4151e-14	41.616	-15.023	-120	0.145	-30.57	10	5.66	-10.78	5.66	-0.1023	0.1023	0.1023	-0.1023
-2.9323	1.2959e-13	3.1102e-13	44.644	-23	-120	0.145	-18.6	10	5.66	-10.78	5.66	-0.1023	0.1023	0.1023	-0.1023
-172.73	6.4696e-15	5.1757e-15	41.099	-23	-114	0.145	-30.57	10	5.66	-10.78	5.66	-0.1023	0.1023	0.1023	-0.1023
-177.95	5.5381e-15	5.5381e-15	41.283	-23	-117	0.145	-30.57	10	5.66	-10.78	5.66	-0.1023	0.1023	0.1023	-0.1023
-5.1064	7.1772e-14	1.8661e-13	43.225	-23	-120	0.145	-24.585	10	5.66	-10.78	5.66	-0.1023	0.1023	0.1023	-0.1023
-4.4548	9.5066e-14	1.9013e-13	39.377	-23	-120	0.145	-36.555	10	5.66	-10.78	5.66	-0.1023	0.1023	0.1023	-0.1023
-82.284	5.9063e-15	1.0631e-14	41.631	-23	-123	0.145	-30.57	10	5.66	-10.78	5.66	-0.1023	0.1023	0.1023	-0.1023
-1.8127	2.2066e-13	4.4132e-13	37.013	-23	-120	0.145	-42.54	10	5.66	-10.78	5.66	-0.1023	0.1023	0.1023	-0.1023
-60.036	7.0125e-15	1.5427e-14	41.806	-23	-126	0.145	-30.57	10	5.66	-10.78	5.66	-0.1023	0.1023	0.1023	-0.1023
-103.2	5.8671e-15	1.0561e-14	41.46	-23	-120	0.15696	-30.57	10	5.66	-10.78	5.66	-0.1023	0.1023	0.1023	-0.1023
-20.77	2.2075e-14	4.4151e-14	41.616	-15.023	-120	0.145	-30.57	10	5.66	-10.78	5.66	-0.1023	0.1023	0.1023	-0.1023
-113.62	5.3994e-15	7.5592e-15	41.46	-23	-120	0.15098	-30.57	10	5.66	-10.78	5.66	-0.1023	0.1023	0.1023	-0.1023
-40.513	1.0589e-14	2.1178e-14	41.541	-19.011	-120	0.145	-30.57	10	5.66	-10.78	5.66	-0.1023	0.1023	0.1023	-0.1023
-75.35	6.231e-15	1.1216e-14	41.459	-23	-120	0.13902	-30.57	10	5.66	-10.78	5.66	-0.1023	0.1023	0.1023	-0.1023
-116.07	6.3756e-15	6.3756e-15	41.375	-26.989	-120	0.145	-30.57	10	5.66	-10.78	5.66	-0.1023	0.1023	0.1023	-0.1023
-52.428	7.4769e-15	1.6449e-14	41.459	-23	-120	0.13304	-30.57	10	5.66	-10.78	5.66	-0.1023	0.1023	0.1023	-0.1023
-35.572	1.2032e-14	3.3689e-14	41.302	-30.977	-120	0.145	-30.57	10	5.66	-10.78	5.66	-0.1023	0.1023	0.1023	-0.1023
-11.385	3.0875e-14	8.0274e-14	44.103	-23	-120	0.145	-30.57	10.798	5.66	-10.78	5.66	-0.1023	0.1023	0.1023	-0.1023
-4.9653	8.6399e-14	1.728e-13	41.459	-23	-120	0.145	-30.57	10	5.66	-10.78	5.66	-0.11728	0.11728	0.11728	-0.11728
-28.574	1.6029e-14	3.8469e-14	42.778	-23	-120	0.145	-30.57	10.399	5.66	-10.78	5.66	-0.1023	0.1023	0.1023	-0.1023
-2.2597	1.8476e-13	3.6952e-13	41.459	-23	-120	0.145	-30.57	10	5.66	-10.78	5.66	-0.13226	0.13226	0.13226	-0.13226
-30.605	2.0143e-14	2.4172e-14	40.121	-23	-120	0.145	-30.57	9.601	5.66	-10.78	5.66	-0.1023	0.1023	0.1023	-0.1023
-2.9097	1.3094e-13	3.1426e-13	41.459	-23	-120	0.145	-30.57	10	5.66	-10.78	5.66	-0.072342	0.072342	0.072342	-0.072342
-12.313	3.9918e-14	6.3868e-14	38.8	-23	-120	0.145	-30.57	9.2021	5.66	-10.78	5.66	-0.1023	0.1023	0.1023	-0.1023
-5.2386	7.1297e-14	1.8537e-13	41.459	-23	-120	0.145	-30.57	10	5.66	-10.78	5.66	-0.087321	0.087321	0.087321	-0.087321
-117.68	5.2432e-15	6.2918e-15	41.481	-23	-120	0.145	-30.503	10	5.66	-10.78	5.66	-0.1023	0.1023	0.1023	-0.1023
-121.1	5.7969e-15	5.7969e-15	41.438	-23	-120	0.145	-30.637	10	5.66	-10.78	5.66	-0.1023	0.1023	0.1023	-0.1023
-118.86	6.571e-15	6.571e-15	41.395	-23	-120	0.145	-30.77	10	5.66	-10.78	5.66	-0.1023	0.1023	0.1023	-0.1023
-74.581	5.8058e-15	1.2773e-14	41.524	-23	-120	0.145	-30.37	10	5.66	-10.78	5.66	-0.1023	0.1023	0.1023	-0.1023
-0.67442	5.9162e-13	1.3016e-12	40.44	-4.2831	-119.05	0.18761	-43.656	11.307	8.8945	11.6	-3.577	-0.12527	0.12527	0.12527	-0.12527
-1.0727	3.7196e-13	8.1832e-13	47.759	-5.3302	-84.914	-0.15918	-43.458	14.526	14.521	9.2465	3.4521	-0.13165	0.13165	0.13165	-0.13165
-0.13128	3.066e-12	6.7453e-12	19.928	-4.5451	-82.174	0.091866	-43.95	4.8278	10.443	5.5376	-6.0642	-0.12721	0.12721	0.12721	-0.12721
-0.50608	8.1706e-13	1.7975e-12	42.005	-5.6187	-77.629	0.21992	-44.058	12.691	7.872	7.9172	-8.0581	-0.13136	0.13136	0.13136	-0.13136
-0.92607	4.2653e-13	9.3837e-13	45.866	-5.3622	-93.409	-0.097583	-41.321	13.298	16.488	0.86598	3.8165	-0.13235	0.13235	0.13235	-0.13235
-0.26443	1.1988e-12	3.8362e-12	47.996	-6.3514	-114.21	-0.060844	-42.971	13.948	15.089	7.0395	2.1041	-0.128	0.128	0.128	-0.128
-0.25519	1.3382e-12	3.7471e-12	39.319	-4.676	-69.812	0.1796	-44.312	11.909	15.907	3.2318	-2.3284	-0.1328	0.1328	0.1328	-0.1328
-0.14802	2.6719e-12	5.8782e-12	26.355	-5.1016	-62.881	-0.0028103	-42.852	7.2814	14.111	1.8767	0.21618	-0.12447	0.12447	0.12447	-0.12447
-0.3728	1.0582e-12	2.3281e-12	31.713	-5.6847	-102.03	0.13595	-42.371	8.4078	13.119	11.81	-7.2914	-0.12609	0.12609	0.12609	-0.12609
-0.096384	4.6066e-12	8.2918e-12	22.873	-4.787	-68.421	0.054786	-41.568	5.9153	11.969	9.9941	-0.67138	-0.12314	0.12314	0.12314	-0.12314
-0.33656	1.135e-12	2.724e-12	34.483	-4.9674	-103.42	-0.055071	-42.672	9.3758	9.4937	3.483	-1.291	-0.12423	0.12423	0.12423	-0.12423
-0.67446	5.8714e-13	1.4091e-12	37.727	-6.7179	-73.728	0.0076244	-42.541	11.027	11.656	4.4918	-7.0811	-0.12684	0.12684	0.12684	-0.12684
-0.11336	2.8625e-12	9.1599e-12	35.554	-6.6215	-113.02	0.023369	-43.823	9.7178	17.226	2.3545	1.3315	-0.1256	0.1256	0.1256	-0.1256
-0.29105	1.3279e-12	3.187e-12	30.805	-5.7877	-108.1	0.10895	-41.901	7.9176	10.146	6.5346	-1.9759	-0.12379	0.12379	0.12379	-0.12379
-0.10855	3.6067e-12	7.9348e-12	18.298	-5.9501	-87.511	-0.11815	-43.31	4.1268	6.2411	5.1247	-4.9332	-0.12911	0.12911	0.12911	-0.12911
-0.1262	3.2489e-12	6.4977e-12	23.539	-6.4109	-60.324	-0.025118	-43.166	6.3715	5.7118	12.873	-2.8241	-0.13029	0.13029	0.13029	-0.13029
-0.17718	2.2012e-12	5.2829e-12	27.479	-4.0216	-97.966	0.080412	-41.625	6.9485	7.8919	9.076	-4.2881	-0.13084	0.13084	0.13084	-0.13084
-0.038256	8.5345e-12	2.5604e-11	213.64	-5.4833	-1615.4	0.053817	-43.833	38.637	11.656	6.6282	-2.1935	-0.1279	0.1279	0.1279	-0.1279
-0.051529	6.5885e-12	1.9766e-11	208.06	-4.8774	-1615.5	0.099111	-43.955	36.641	6.771	8.8045	-2.0916	-0.13072	0.13072	0.13072	-0.13072
-0.031204	1.0479e-11	3.3534e-11	221.82	-6.7477	-1641.6	-0.020958	-43.329	40.748	17.283	7.9356	-5.7532	-0.12868	0.12868	0.12868	-0.12868
-0.34352	1.0611e-12	2.5466e-12	201	-6.125	-1631.8	0.19889	-45.212	34.523	5.6378	3.0771	-4.1251	-0.12469	0.12469	0.12469	-0.12469
-0.022659	1.5954e-11	3.829e-11	220.26	-6.4077	-1591	0.24761	-42.917	41.059	10.61	12.84	-1.0047	-0.12783	0.12783	0.12783	-0.12783
-0.074188	4.9536e-12	1.1889e-11	220.85	-5.3959	-1609.7	0.027024	-45.15	42.345	11.581	7.4069	-7.406	-0.1291	0.1291	0.1291	-0.1291
-0.054741	6.4851e-12	1.6861e-11	201.57	-5.325	-1581.1	-0.044058	-44.142	35.235	10.337	2.4018	0.42034	-0.12586	0.12586	0.12586	-0.12586
-0.022281	1.7504e-11	3.8508e-11	217.74	-5.4883	-1599.2	-0.098196	-43.103	40.01	7.9601	11.536	1.6807	-0.12424	0.12424	0.12424	-0.12424
-0.020819	2.099e-11	3.3584e-11	202.7	-6.8953	-1624.6	0.064406	-42.57	33.83	13.576	5.3516	3.4353	-0.12593	0.12593	0.12593	-0.12593
-1.0766	3.5947e-13	8.6273e-13	41.279	-7.9957	-92.68	0.065965	-27.448	10.093	-7.7978	6.1905	2.6267	-0.014189	0.014189	0.014189	-0.014189
-1.1063	3.087e-13	8.6435e-13	37.832	-32.27	-104.27	0.01094	-33.4	9.485	-1.0022	10.262	9.2088	-0.1464	0.1464	0.1464	-0.1464
-0.97869	4.0462e-13	8.9017e-13	50.309	-12.346	-117.53	0.027969	-14.606	11.306	-10.776	2.6112	-1.281	-0.080641	0.080641	0.080641	-0.080641
-1.0713	3.5237e-13	8.4569e-13	38.372	-3.0848	-99.302	0.18762	-6.8759	8.1952	-3.2095	8.8339	2.2008	-0.12002	0.12002	0.12002	-0.12002
-1.9647	1.9977e-13	4.395e-13	43.513	-21.447	-118.52	0.13314	-32.59	10.856	-2.2637	-3.3783	-7.7945	-0.058348	0.058348	0.058348	-0.058348
-0.060504	6.9747e-12	1.2555e-11	32.536	-9.8807	-110.77	0.34802	-42.608	8.5155	9.6193	-9.3641	11.33	-0.15245	0.15245	0.15245	-0.15245
-0.80436	4.8486e-13	1.1637e-12	48.784	-1.3171	-86.121	0.14468	-1.1273	11.074	3.4425	1.1957	0.10089	-0.038952	0.038952	0.038952	-0.038952
-2.3567	1.6909e-13	3.3818e-13	30.934	-24.338	-114.88	0.058033	-49.804	8.9697	1.051	5.0189	-7.1981	-0.074206	0.074206	0.074206	-0.074206
NaN	NaN	NaN	NaN	-34.499	-89.543	0.21316	-38.029	8.6989	4.2422	8.0273	-9.0894	-0.0031182	0.0031182	0.0031182	-0.0031182
-0.1397	3.8548e-12	5.3967e-12	35.264	-20.88	-113.84	0.32224	-39.822	9.1266	-4.6198	2.3057	-10.453	-0.17381	0.17381	0.17381	-0.17381
-4.0783	9.4279e-14	2.2627e-13	29.86	-28.727	-91.796	0.10235	-51.376	9.2192	11.059	-4.2128	6.042	-0.025305	0.025305	0.025305	-0.025305
-2.1225	1.9152e-13	3.8303e-13	42.467	-16.945	-96.908	0.087004	-21.964	9.9701	7.1967	-10.087	-4.7849	-0.16284	0.16284	0.16284	-0.16284
-1.051	3.7203e-13	8.9287e-13	43.418	-2.89	-87.297	0.047052	-13.433	9.9191	0.38089	9.2734	0.75638	-0.091562	0.091562	0.091562	-0.091562
-0.23649	1.4483e-12	3.7655e-12	41.66	-36.437	-105.5	0.35695	-36.285	10.983	11.567	5.0389	-9.6363	-0.16761	0.16761	0.16761	-0.16761
-1.7308	2.21e-13	5.304e-13	50.977	-9.4264	-80.015	0.075139	-11.65	11.995	-0.2644	-2.6731	9.2336	-0.11609	0.11609	0.11609	-0.11609
-0.16025	2.4493e-12	4.8986e-12	27.125	-13.692	-110.77	0.37741	-56.426	8.4327	-2.8838	-9.3289	6.9642	-0.13317	0.13317	0.13317	-0.13317
NaN	NaN	NaN	NaN	-44.178	-117.02	0.01246	-58.804	11.067	-6.2473	-5.9007	4.6056	-0.07906	0.07906	0.07906	-0.07906
-1.142	3.4501e-13	7.5901e-13	41.236	-23.021	-96.537	0.036586	-41.751	11.774	-11.43	-1.4707	11.557	-0.14277	0.14277	0.14277	-0.14277
-1.2472	2.8905e-13	6.9371e-13	40.629	-32.051	-100.65	0.1433	-35.493	10.649	5.1483	0.79308	-7.8644	-0.19852	0.19852	0.19852	-0.19852
-1.4118	2.7199e-13	5.9839e-13	50.069	-27.45	-103.56	0.21441	-6.6416	11.253	7.1105	-3.9115	9.8856	-0.030241	0.030241	0.030241	-0.030241
-1.3395	2.9227e-13	6.4299e-13	40.868	-16.707	-98.306	0.094349	-2.3518	8.8432	-4.3214	2.5884	-0.45025	-0.013898	0.013898	0.013898	-0.013898
-0.069945	4.3892e-12	1.4045e-11	47.805	-19.876	-85.141	0.39465	-20.62	11.531	4.1456	10.4	5.8596	-0.15823	0.15823	0.15823	-0.15823
-0.65916	5.7725e-13	1.3854e-12	42.066	-24.791	-108.55	0.22587	-22.659	9.7333	7.2299	6.5511	1.6283	-0.029358	0.029358	0.029358	-0.029358
-0.62234	6.355e-13	1.3981e-12	38.251	-3.2723	-115.72	0.13287	-42.852	10.47	9.9531	4.1415	-6.9015	-0.12203	0.12203	0.12203	-0.12203
-1.1076	3.4715e-13	8.3316e-13	34.092	-8.8244	-89.45	0.16518	-30.96	8.3116	-9.8056	7.8175	-9.372	-0.0050343	0.0050343	0.0050343	-0.0050343
-0.97995	3.9951e-13	9.5883e-13	43.397	-5.6703	-101.47	0.16786	-15.358	9.7482	-4.1071	-3.0908	-10.701	-0.053529	0.053529	0.053529	-0.053529
-0.1636	1.8551e-12	5.9364e-12	42.178	-10.935	-112.54	0.3878	-35.665	10.806	-9.4145	11.162	-9.2168	-0.01069	0.01069	0.01069	-0.01069
-1.3907	2.7972e-13	6.7132e-13	38.126	-12.243	-96.433	0.29081	-39.126	10.268	-1.9561	8.6058	-2.864	-0.10568	0.10568	0.10568	-0.10568
-4.0953	8.6075e-14	2.4101e-13	51.18	-25.799	-81.463	0.014455	-6.5058	11.882	3.1127	-0.43716	1.5339	-0.12703	0.12703	0.12703	-0.12703
NaN	NaN	NaN	NaN	-42.541	-119.26	0.22128	-23.781	11.369	-6.8623	-11.358	-6.7258	-0.17504	0.17504	0.17504	-0.17504
-1.8708	2.4279e-13	6.7983e-13	29.913	-34.388	-94.499	0.15736	-52.848	9.4563	-11.22	-8.4247	10.517	-0.028853	0.028853	0.028853	-0.028853
-0.3195	1.3208e-12	2.6416e-12	36.31	-23.664	-104.39	0.27685	-29.529	8.6346	7.7404	0.66139	-1.7871	-0.18942	0.18942	0.18942	-0.18942
-0.093214	6.7265e-12	5.3812e-12	45.829	-0.31675	-98.252	0.015147	-0.050599	10.093	-11.781	-10.573	-11.78	-1.8149e-07	1.8149e-07	1.8149e-07	-1.8149e-07
-0.078596	7.9648e-12	6.3718e-12	44.572	3.2891	-99.878	-0.021374	3.7078	9.762	-12.33	-10.557	-10.682	-0.0022233	0.0022233	0.0022233	-0.0022233
-0.096079	6.9994e-12	5.5996e-12	44.498	-1.27	-94.853	0.019171	-3.6799	9.8258	-12.989	-9.2703	-12.71	-0.011782	0.011782	0.011782	-0.011782
-0.092615	6.6458e-12	5.3166e-12	46.931	0.60784	-101.56	0.03483	-5.7439	10.372	-11.687	-11.665	-10.226	-0.019013	0.019013	0.019013	-0.019013
-0.080785	8.7516e-12	5.251e-12	45.539	1.8801	-99.608	0.03942	-1.1698	9.9967	-13.305	-9.8524	-13.4	0.0032216	-0.0032216	-0.0032216	0.0032216
-0.10714	5.1334e-12	6.1601e-12	45.234	2.0833	-101.27	0.012517	1.2857	9.8899	-9.8098	-8.7172	-9.8251	0.010306	-0.010306	-0.010306	0.010306
-0.13953	4.2787e-12	4.2787e-12	45.969	-4.8952	-96.305	-0.011641	0.85097	10.168	-11.018	-8.4218	-12.746	0.0074149	-0.0074149	-0.0074149	0.0074149
-0.12603	4.9353e-12	3.9482e-12	46.215	-5.7302	-97.189	-0.0082385	5.4944	10.265	-10.603	-12.748	-11.699	0.015692	-0.015692	-0.015692	0.015692
-0.073319	8.6471e-12	6.9177e-12	46.187	5.0784	-98.651	0.0032126	-1.4362	10.187	-12.157	-11.498	-11.001	-0.015116	0.015116	0.015116	-0.015116
-0.10484	6.5626e-12	5.2501e-12	45.27	-2.9438	-95.405	0.025438	3.4615	10.017	-14.007	-10.965	-12.059	0.017805	-0.017805	-0.017805	0.017805
-0.12161	5.3284e-12	4.2627e-12	47.107	-1.9683	-98.001	0.048094	-3.3908	10.448	-9.8735	-12.167	-13.946	-0.0070941	0.0070941	0.0070941	-0.0070941
-42.127	1.3566e-14	3.5272e-14	40.543	-20.434	-98.652	0.1688	-30.351	10.069	1.3401	3.1813	-0.22133	-0.10143	0.10143	0.10143	-0.10143
-18.409	2.2408e-14	6.2743e-14	39.652	-25.938	-98.175	0.14641	-31.808	9.9684	1.4993	0.89211	0.6689	-0.10462	0.10462	0.10462	-0.10462
-8.7757	4.6777e-14	9.3554e-14	38.209	-22.217	-98.843	0.17401	-33.879	9.7088	2.5973	4.6405	1.7715	-0.098305	0.098305	0.098305	-0.098305
-14.552	4.3741e-14	4.3741e-14	40.75	-23.871	-101.47	0.13808	-30.558	10.114	0.40827	3.219	-1.9307	-0.11365	0.11365	0.11365	-0.11365
-6.7546	5.3741e-14	1.3973e-13	41.512	-17.307	-94.992	0.20677	-29.67	10.345	-0.93346	3.1559	-2.4426	-0.094607	0.094607	0.094607	-0.094607
-4.8708	6.5493e-14	2.0958e-13	41.242	-24.102	-95.958	0.13329	-26.518	9.9948	3.589	5.1179	-0.098893	-0.092799	0.092799	0.092799	-0.092799
-53.692	1.2264e-14	1.717e-14	41.236	-16.338	-97.603	0.16347	-25.365	9.8505	2.2952	4.4134	-1.4857	-0.11747	0.11747	0.11747	-0.11747
-17.938	2.9936e-14	8.9809e-14	39.573	-15.632	-99.937	0.15803	-35.569	10.278	2.8544	1.3568	1.2448	-0.087592	0.087592	0.087592	-0.087592
-6.4645	5.1203e-14	1.4337e-13	39.412	-18.996	-96.412	0.17915	-34.944	10.229	0.28282	2.6339	1.1604	-0.081796	0.081796	0.081796	-0.081796
-37.818	1.687e-14	1.687e-14	40.837	-20.949	-102.12	0.18881	-27.081	9.8068	-0.17178	3.7981	-0.73956	-0.11231	0.11231	0.11231	-0.11231
-45.849	9.3131e-15	1.8626e-14	42.403	-19.83	-100.87	0.19716	-28.889	10.442	0.86059	2.1465	-0.65467	-0.10935	0.10935	0.10935	-0.10935
-35.431	1.7541e-14	4.9115e-14	40.489	-26.246	-98.68	0.17176	-30.313	10.068	-4.6085	0.82341	1.8511	-0.10127	0.10127	0.10127	-0.10127
-13.654	3.9474e-14	1.1842e-13	41.994	-21.398	-101.17	0.16469	-26.131	10.085	-4.5088	2.9205	1.8858	-0.10798	0.10798	0.10798	-0.10798
-32.231	1.6785e-14	3.357e-14	40.288	-26.672	-99.353	0.15433	-33.414	10.313	-4.8062	2.5127	-0.27875	-0.10302	0.10302	0.10302	-0.10302
-119.72	1.6572e-14	6.6289e-15	42.426	-23.182	-98.091	0.13845	-28.37	10.463	-6.6159	0.025511	0.40151	-0.11671	0.11671	0.11671	-0.11671
-12.645	4.6421e-14	5.5705e-14	40.062	-25.395	-95.716	0.17461	-29.167	9.8806	-3.8658	2.0909	0.42729	-0.1183	0.1183	0.1183	-0.1183
-6.7972	7.3927e-14	2.07e-13	41.265	-31.551	-95.276	0.19283	-26.759	10.05	-3.5691	1.5703	3.7646	-0.090337	0.090337	0.090337	-0.090337
-2.7373	1.4887e-13	2.9773e-13	37.659	-22.392	-99.518	0.19803	-35.731	9.7213	-2.7113	-0.26883	2.5816	-0.11188	0.11188	0.11188	-0.11188
-5.8149	7.2744e-14	2.3278e-13	40.84	-28.993	-102.09	0.163	-31.63	10.255	-5.557	-1.2532	1.2931	-0.083193	0.083193	0.083193	-0.083193
-6.4926	4.8825e-14	1.4647e-13	41.249	-24.989	-96.484	0.20907	-24.334	9.823	-2.3976	1.1236	2.8799	-0.10094	0.10094	0.10094	-0.10094
-17.269	2.5623e-14	7.687e-14	39.646	-27.824	-100.83	0.14517	-34.289	10.186	-5.8507	0.36421	3.8562	-0.096852	0.096852	0.096852	-0.096852
-7.4628	5.4068e-14	1.4058e-13	39.764	-30.177	-97.688	0.18424	-31.436	9.9831	-6.4808	-0.80166	1.8258	-0.088869	0.088869	0.088869	-0.088869
-0.98002	4.2958e-13	9.4508e-13	52.166	-22.802	-118.83	0.21065	-16.777	11.961	-10.476	0.86879	-12	-0.0064792	0.0064792	0.0064792	-0.0064792
-0.47598	1.0273e-12	1.6437e-12	53.522	-17.125	-116.76	0.23328	-16.915	12.342	-9.2984	-0.86696	-14.212	0.0017706	-0.0017706	-0.0017706	0.0017706
-0.40548	1.2664e-12	1.7729e-12	51.532	-21.918	-122.11	0.24412	-14.392	11.597	-10.849	-0.017068	-13.791	-0.013453	0.013453	0.013453	-0.013453
-1.2588	3.0584e-13	7.3401e-13	51.906	-20.872	-117.83	0.18543	-12.981	11.695	-9.9452	-1.4613	-11.003	-0.026306	0.026306	0.026306	-0.026306
-0.63913	6.7671e-13	1.2181e-12	52.416	-20.202	-120.87	0.23843	-18.325	12.078	-10.167	3.1967	-12.775	-0.017175	0.017175	0.017175	-0.017175
-1.4898	2.5608e-13	6.1459e-13	53.014	-27.399	-121.6	0.18792	-11.891	11.918	-12.489	2.0326	-11.297	0.010002	-0.010002	-0.010002	0.010002
-1.5146	2.5453e-13	6.1086e-13	50.214	-24.93	-114.96	0.1779	-21.964	11.867	-11.5	1.45	-11.709	-0.0061579	0.0061579	0.0061579	-0.0061579
-1.1263	3.5292e-13	7.7643e-13	50.53	-19.011	-116.15	0.20483	-20.085	11.757	-8.1004	1.1678	-10.005	0.00016112	-0.00016112	-0.00016112	0.00016112
-0.98847	4.3856e-13	9.6483e-13	53.69	-25.941	-118.2	0.22548	-14.351	12.261	-8.8254	0.64634	-10.546	0.0074472	-0.0074472	-0.0074472	0.0074472
-0.83754	5.5042e-13	9.9076e-13	51.167	-23.29	-119.45	0.21128	-21.014	11.972	-11.158	-0.11242	-13.236	-0.0084114	0.0084114	0.0084114	-0.0084114
-1.3233	2.9359e-13	6.459e-13	52.899	-28.499	-119.9	0.19757	-16.597	12.165	-11.981	2.7043	-12.43	-0.019037	0.019037	0.019037	-0.019037
-0.97627	3.9538e-13	9.4892e-13	48.601	-2.1173e-05	-104.47	3.1435e-07	-27.46	12	-1.011	-0.29029	-5.3025	-0.080245	0.080245	0.080245	-0.080245
-0.82182	4.8551e-13	1.1652e-12	49.382	1.4521	-105.85	0.0094275	-24.992	11.96	-0.24308	-0.18033	-7.3319	-0.074957	0.074957	0.074957	-0.074957
-1.0673	3.6634e-13	8.0596e-13	48.588	-2.7625	-106.9	0.024542	-31.336	12.392	-2.1762	0.58893	-3.0179	-0.066172	0.066172	0.066172	-0.066172
-1.0666	3.647e-13	8.0234e-13	46.919	-4.6982	-102.62	-0.029447	-29.556	11.767	-1.3243	-1.5617	-6.1413	-0.087733	0.087733	0.087733	-0.087733
-0.8027	4.8835e-13	1.172e-12	49.314	4.2199	-108.09	-0.032896	-28.655	12.274	-0.016586	-2.0345	-3.4159	-0.063697	0.063697	0.063697	-0.063697
-0.82686	4.8497e-13	1.0669e-12	50.062	-0.54585	-104.33	-0.00065314	-25.517	12.234	-2.623	-2.4297	-4.5593	-0.090211	0.090211	0.090211	-0.090211
-0.67131	6.0777e-13	1.3371e-12	46.959	5.242	-106.66	0.00045018	-33.307	12.148	-3.1729	-0.93803	-4.8542	-0.08223	0.08223	0.08223	-0.08223
-1.0697	3.7207e-13	8.1855e-13	49.033	-5.3892	-101.43	-0.01969	-22.286	11.719	0.72756	-0.73728	-6.3984	-0.06995	0.06995	0.06995	-0.06995
-0.99132	4.035e-13	8.877e-13	49.416	0.40346	-101.02	-0.010437	-23.126	11.895	-0.77147	1.5244	-5.7495	-0.078606	0.078606	0.078606	-0.078606
-1.0125	3.8372e-13	9.2093e-13	47.812	2.7399	-103.51	0.019697	-29.951	12.057	-1.91	0.95085	-6.9085	-0.094237	0.094237	0.094237	-0.094237
-1.6558	2.4339e-13	5.3546e-13	47.646	-2.2792	-104.84	0.034161	-26.437	11.617	1.1882	1.979	-4.2517	-0.096444	0.096444	0.096444	-0.096444
-0.70859	8.2841e-13	9.9409e-13	51.751	-16.35	-119.7	1.4962e-07	-19.84	12	-12	1.5499	-7.8248	-0.2	0.2	0.2	-0.2
-1.2403	3.5033e-13	6.3059e-13	52.798	-20.868	-121.95	-0.034877	-17.578	12.121	-10.877	3.6036	-8.0978	-0.21127	0.21127	0.21127	-0.21127
-0.56817	1.1616e-12	1.1616e-12	50.809	-14.614	-120.74	-0.028907	-21.642	11.85	-11.169	0.48146	-8.8137	-0.18801	0.18801	0.18801	-0.18801
-0.5344	1.0638e-12	1.2766e-12	52.162	-10.492	-118.38	-0.012755	-14.959	11.801	-13.118	0.64167	-5.6053	-0.20254	0.20254	0.20254	-0.20254
-0.97549	6.0431e-13	7.2517e-13	51.477	-18.041	-118.97	0.039535	-16.118	11.706	-12.035	3.1524	-9.2818	-0.20451	0.20451	0.20451	-0.20451
-0.797	7.133e-13	9.9862e-13	52.496	-16.872	-122.16	0.0013581	-17.342	11.996	-9.7021	-0.24615	-7.4353	-0.2127	0.2127	0.2127	-0.2127
-0.49181	1.2749e-12	1.5299e-12	51.701	-11.929	-117.16	-0.017081	-22.774	12.242	-11.604	2.1628	-10.017	-0.19462	0.19462	0.19462	-0.19462
-0.67607	5.8426e-13	1.2854e-12	50.219	-19.782	-116.48	0.021896	-24.234	12.007	-10.182	2.6465	-7.2992	-0.21924	0.21924	0.21924	-0.21924
-0.55415	1.0954e-12	1.0954e-12	50.807	-16.077	-117.68	0.031249	-25.3	12.23	-13.865	1.9239	-8.7538	-0.18354	0.18354	0.18354	-0.18354
-0.68912	8.9534e-13	1.0744e-12	52.872	-13.545	-120.26	-0.0077777	-20.725	12.353	-12.71	1.3526	-6.7059	-0.1858	0.1858	0.1858	-0.1858
-0.7509	7.8772e-13	9.4527e-13	50.56	-22.272	-123.64	0.0082188	-19.559	11.62	-14.319	-0.82202	-6.2789	-0.19611	0.19611	0.19611	-0.19611
-1.8371	2.131e-13	4.6883e-13	53.376	-24.234	-105.34	2.0899e-07	-5.322e-05	12	-11.035	12	0.065407	-0.10695	0.10695	0.10695	-0.10695
-2.1781	1.7401e-13	4.1761e-13	52.351	-26.356	-108.68	0.02459	-3.3944	11.71	-11.174	13.425	-1.0507	-0.12203	0.12203	0.12203	-0.12203
-1.396	2.8366e-13	6.8079e-13	54.578	-20.087	-106.92	0.011828	0.73547	12.271	-12.719	13.496	0.24599	-0.11373	0.11373	0.11373	-0.11373
-1.6614	2.2902e-13	5.0385e-13	54.651	-21.234	-103.62	-0.022906	-5.263	12.398	-9.8681	10.632	1.6843	-0.10107	0.10107	0.10107	-0.10107
-1.2486	3.1035e-13	6.8277e-13	52.872	-19.086	-104.07	0.02177	5.4611	11.924	-11.838	14.328	0.87782	-0.089516	0.089516	0.089516	-0.089516
-2.374	1.6049e-13	3.8517e-13	53.74	-27.829	-105.87	0.032685	-1.0221	12.101	-10.971	11.073	-0.69691	-0.12589	0.12589	0.12589	-0.12589
-1.8905	2.0259e-13	4.8621e-13	54.013	-24.566	-101.58	-0.010598	1.4595	12.23	-10.367	12.246	-1.5789	-0.092424	0.092424	0.092424	-0.092424
-2.3588	1.6131e-13	3.8714e-13	53.591	-29.898	-108.47	-0.026511	2.5288	12.041	-9.1439	10.254	-2.2712	-0.10467	0.10467	0.10467	-0.10467
-1.9592	1.9855e-13	4.7653e-13	51.814	-23.469	-105.23	-0.0068361	-4.403	11.626	-9.0279	9.836	1.3572	-0.10917	0.10917	0.10917	-0.10917
-2.6579	1.3883e-13	3.3319e-13	52.662	-28.683	-102.5	-0.038888	-2.2028	11.882	-12.43	11.906	-0.3879	-0.11584	0.11584	0.11584	-0.11584
-1.4858	2.6214e-13	6.2914e-13	52.536	-22.687	-107.36	0.0070005	3.8982	11.771	-13.209	12.6	2.1615	-0.096067	0.096067	0.096067	-0.096067
-1.2429	3.0816e-13	7.3957e-13	53.219	-17.278	-101.17	0.15791	-1.2358e-05	12	-12	-6.5267	8.6471	-0.0016443	0.0016443	0.0016443	-0.0016443
-1.239	3.1598e-13	6.3196e-13	51.942	-16.997	-104.19	0.12614	-5.424	11.669	-10.095	-7.9107	8.3301	0.0032982	-0.0032982	-0.0032982	0.0032982
-1.5717	2.44e-13	5.8559e-13	53.381	-21.541	-99.531	0.14031	-1.0974	12.086	-9.6889	-7.2624	8.0057	0.0094468	-0.0094468	-0.0094468	0.0094468
-1.0685	3.6125e-13	8.6701e-13	53.473	-14.491	-104.99	0.18902	-4.079	12.022	-12.518	-8.7401	8.6802	-0.0031339	0.0031339	0.0031339	-0.0031339
-1.2306	2.9497e-13	7.0793e-13	52.321	-18.276	-98.423	0.16287	4.6005	11.854	-10.678	-4.1773	10.907	-0.012452	0.012452	0.012452	-0.012452
-1.3513	2.8898e-13	6.9355e-13	53.945	-18.914	-102.74	0.12084	1.8223	12.175	-12.125	-8.4057	9.6864	-0.016455	0.016455	0.016455	-0.016455
-1.3404	2.8201e-13	6.7683e-13	52.15	-20.236	-101.33	0.19635	-2.5735	11.742	-11.863	-5.7072	9.4269	-0.0066559	0.0066559	0.0066559	-0.0066559
-1.6214	2.2666e-13	5.4398e-13	52.608	-22.818	-97.259	0.14475	2.8008	11.938	-13.155	-4.7141	10.428	0.016969	-0.016969	-0.016969	0.016969
-1.1237	3.404e-13	8.1697e-13	54.444	-15.897	-103.31	0.16706	4.9966	12.326	-14.374	-5.3881	7.0383	-0.021383	0.021383	0.021383	-0.021383
-1.0419	3.671e-13	8.8105e-13	54.168	-13.033	-99.969	0.17436	-2.3004	12.262	-13.672	-6.2017	6.3429	4.0391e-05	-4.0391e-05	-4.0391e-05	4.0391e-05
-1.0163	3.8374e-13	9.2097e-13	52.451	-11.512	-101.1	0.15448	1.0799	11.785	-11.265	-6.877	7.2166	0.011764	-0.011764	-0.011764	0.011764
-0.86368	4.5677e-13	1.0049e-12	48.099	-26.565	-119.25	0.23809	-30.3	12	-9.9588	12	2.1764	-0.2	0.2	0.2	-0.2
-0.79947	4.9095e-13	9.819e-13	49.116	-26.089	-118.45	0.22124	-30.318	12.32	-12.066	12.157	1.1424	-0.20811	0.20811	0.20811	-0.20811
-1.1293	3.5155e-13	7.7342e-13	47.843	-28.852	-115.33	0.24435	-30.109	11.98	-7.7013	10.271	2.1402	-0.19524	0.19524	0.19524	-0.19524
-1.4409	2.8177e-13	5.6354e-13	49.306	-26.873	-118.88	0.19855	-29.028	12.225	-8.4423	13.593	3.494	-0.18368	0.18368	0.18368	-0.18368
-1.3078	3.0587e-13	6.7291e-13	49.344	-30.057	-117.19	0.26092	-25.222	11.889	-9.8031	10.779	-0.10506	-0.21203	0.21203	0.21203	-0.21203
-0.87267	4.4576e-13	9.8067e-13	46.105	-31.516	-119.53	0.22312	-31.983	11.618	-11.509	14.187	0.70087	-0.20443	0.20443	0.20443	-0.20443
-0.55194	7.4736e-13	1.4947e-12	46.087	-22.304	-122.16	0.27434	-34.221	11.785	-9.1871	12.555	4.4933	-0.19193	0.19193	0.19193	-0.19193
-0.62796	6.1788e-13	1.4829e-12	46.813	-30.483	-116.56	0.23565	-35.29	12.31	-10.83	11.226	2.8258	-0.21888	0.21888	0.21888	-0.21888
-0.96167	4.3414e-13	1.0419e-12	49.716	-23.711	-121.26	0.2479	-27.573	12.126	-8.9806	13.202	4.0275	-0.20003	0.20003	0.20003	-0.20003
-0.55975	7.1192e-13	1.4238e-12	47.329	-20.79	-122.54	0.26607	-33.436	12.054	-11.218	9.6388	2.565	-0.19843	0.19843	0.19843	-0.19843
-1.4915	2.7388e-13	5.4776e-13	48.731	-24.373	-120.54	0.20788	-25.957	11.698	-10.418	11.888	1.318	-0.18431	0.18431	0.18431	-0.18431
-1.2859	2.8501e-13	6.8404e-13	53.286	-19.144	-102.65	0.17621	-0.00017151	12	-8.0422	12	-9.2285	-0.11733	0.11733	0.11733	-0.11733
-1.3929	2.5846e-13	6.72e-13	54.287	-19.16	-99.801	0.16571	-3.5319	12.33	-10.305	9.7916	-11.041	-0.11521	0.11521	0.11521	-0.11521
-1.0711	3.5944e-13	8.6267e-13	54.274	-15.162	-102.74	0.21567	3.2683	12.261	-9.7165	13.326	-8.9614	-0.11234	0.11234	0.11234	-0.11234
-1.3724	2.5794e-13	6.7064e-13	52.192	-20.493	-101.84	0.17259	-1.1096	11.736	-8.113	13.891	-7.3575	-0.12372	0.12372	0.12372	-0.12372
-1.5995	2.3226e-13	5.5743e-13	53.342	-22.06	-100.97	0.20816	-2.3158	12.062	-9.232	12.11	-8.5187	-0.099244	0.099244	0.099244	-0.099244
-1.1936	3.2465e-13	7.7917e-13	51.892	-17.55	-102.43	0.13851	4.9674	11.68	-7.1618	11.623	-6.9465	-0.10445	0.10445	0.10445	-0.10445
-1.2461	3.0656e-13	7.3575e-13	52.535	-13.782	-103.9	0.19203	-4.814	11.805	-6.536	10.198	-9.6591	-0.12628	0.12628	0.12628	-0.12628
-1.3977	2.6329e-13	6.3189e-13	52.744	-23.126	-104.85	0.14848	4.3649	11.874	-5.6619	14.246	-8.032	-0.1295	0.1295	0.1295	-0.1295
-1.7846	1.964e-13	5.4991e-13	53.692	-24.349	-105.73	0.1802	-4.5803	12.115	-7.7326	10.883	-10.648	-0.13695	0.13695	0.13695	-0.13695
-1.2743	2.9113e-13	6.9871e-13	53.762	-18.404	-98.91	0.19826	1.635	12.188	-6.6967	11.075	-10.006	-0.11995	0.11995	0.11995	-0.11995
-1.1714	3.2738e-13	7.857e-13	53.47	-16.721	-105.91	0.15984	1.087	11.987	-8.7703	12.626	-11.484	-0.10672	0.10672	0.10672	-0.10672
-0.16494	2.4161e-12	5.3153e-12	39.374	-2.0582e-05	-120	0.18983	-39.969	10.342	1.0933	12	-6.7463	-0.2	0.2	0.2	-0.2
-0.12621	3.1496e-12	6.929e-12	38.409	-2.1839	-123.81	0.16132	-41.749	10.192	2.5386	10.322	-8.3353	-0.21255	0.21255	0.21255	-0.21255
-0.14826	2.708e-12	5.9577e-12	38.237	-4.7026	-117.82	0.20637	-43.153	10.471	3.065	11.763	-7.7328	-0.20055	0.20055	0.20055	-0.20055
-0.22543	1.7677e-12	3.889e-12	41.144	2.152	-119.16	0.20067	-37.852	10.656	2.3928	12.055	-8.9867	-0.18986	0.18986	0.18986	-0.18986
-0.20466	1.9203e-12	4.2246e-12	39.92	3.0459	-121.21	0.1499	-38.785	10.339	1.5174	13.757	-5.1752	-0.18616	0.18616	0.18616	-0.18616
-0.26082	1.5317e-12	3.3698e-12	42.553	4.2709	-121.69	0.17357	-34.878	10.685	0.42553	12.533	-6.8362	-0.19327	0.19327	0.19327	-0.19327
-0.16722	2.3861e-12	5.2494e-12	36.67	-3.33	-119.54	0.2218	-43.879	9.9888	1.6237	10.889	-5.719	-0.18038	0.18038	0.18038	-0.18038
-0.20941	1.9101e-12	4.2023e-12	40.459	-5.0106	-122.84	0.19205	-35.211	10.039	-0.20743	9.8725	-6.3082	-0.20768	0.20768	0.20768	-0.20768
-0.1181	3.3657e-12	7.4045e-12	36.557	-0.65631	-120.65	0.18414	-45.275	10.141	-1.2816	13.422	-7.5596	-0.19741	0.19741	0.19741	-0.19741
-0.11789	3.3549e-12	7.3808e-12	39.446	5.0859	-116.8	0.17582	-40.446	10.51	0.78902	11.449	-4.7003	-0.21735	0.21735	0.21735	-0.21735
-0.17654	2.2714e-12	4.9971e-12	40.625	0.9446	-116.64	0.22572	-36.614	10.374	-0.55417	13.973	-6.2204	-0.21001	0.21001	0.21001	-0.21001
-0.4189	8.7969e-13	1.9353e-12	50.99	-12.099	-120	0.38609	-23.132	12	-0.11773	12	-5.497	-0.14517	0.14517	0.14517	-0.14517
-0.43191	1.0002e-12	1.8004e-12	49.677	-11.172	-117.47	0.37477	-26.703	11.993	-2.1873	13.778	-5.1287	-0.13044	0.13044	0.13044	-0.13044
-0.31891	1.2041e-12	2.6491e-12	52.299	-14.848	-119.4	0.41069	-20.908	12.203	1.4649	10.956	-4.581	-0.12642	0.12642	0.12642	-0.12642
-0.31176	1.2558e-12	2.7627e-12	52.329	-16.605	-120.72	0.40167	-18.848	12.054	0.042331	14.353	-6.7836	-0.15718	0.15718	0.15718	-0.15718
-0.2927	1.1018e-12	3.3054e-12	49.498	-7.5143	-122.92	0.4239	-27.624	11.903	-0.97787	11.147	-4.4064	-0.16219	0.16219	0.16219	-0.16219
-0.79992	4.2879e-13	1.2006e-12	47.816	-13.56	-117.83	0.35808	-28.15	11.608	-1.7789	10.128	-3.2376	-0.14915	0.14915	0.14915	-0.14915
-0.35027	1.1092e-12	2.4401e-12	51.709	-13.118	-122.13	0.39186	-25.141	12.351	1.1317	13.009	-7.2646	-0.15597	0.15597	0.15597	-0.15597
-0.76897	4.1484e-13	1.2445e-12	49.901	-16.973	-119.19	0.36801	-23.535	11.772	0.63622	9.9842	-5.7201	-0.14994	0.14994	0.14994	-0.14994
-0.42477	9.2521e-13	2.2205e-12	50.331	-6.5795	-116.76	0.34808	-21.951	11.758	2.0066	12.076	-7.5236	-0.14348	0.14348	0.14348	-0.14348
-0.29247	1.3677e-12	3.0089e-12	52.514	-9.6261	-123.84	0.40505	-19.825	12.081	-1.3758	12.867	-3.6195	-0.13487	0.13487	0.13487	-0.13487
-0.61618	6.3293e-13	1.519e-12	53.495	-10.89	-120.89	0.384	-17.572	12.255	-0.47588	11.556	-6.2528	-0.13835	0.13835	0.13835	-0.13835
-0.45832	7.353e-13	2.0588e-12	54.437	-16.076	-120	0.4	-0.75206	12	1.878	1.0491	-9.5111	-0.16535	0.16535	0.16535	-0.16535
-0.94638	4.1104e-13	9.865e-13	54.139	-21.938	-120.81	0.39212	0.302	11.941	3.8298	0.98656	-7.388	-0.15642	0.15642	0.15642	-0.15642
-0.49144	7.6205e-13	1.8289e-12	54.894	-12.175	-116.34	0.41472	3.7035	12.194	2.1264	2.4036	-8.1033	-0.16218	0.16218	0.16218	-0.16218
-0.59956	5.8627e-13	1.5243e-12	54.632	-18.287	-123.56	0.43244	-3.1324	12.017	1.3163	2.7688	-8.5547	-0.1513	0.1513	0.1513	-0.1513
-0.30317	1.3425e-12	2.9535e-12	53.992	-13.523	-122.34	0.36285	-1.2943	11.834	-0.13816	-0.61951	-10.266	-0.1776	0.1776	0.1776	-0.1776
-0.65947	5.8986e-13	1.4157e-12	55.131	-14.655	-122.79	0.37149	1.1759	12.13	2.7231	1.6889	-9.8356	-0.1744	0.1744	0.1744	-0.1744
-0.20518	1.5938e-12	4.4625e-12	53.229	-11.268	-118.94	0.41714	4.0802	11.719	1.7858	0.24607	-11.23	-0.16576	0.16576	0.16576	-0.16576
-0.21063	1.6356e-12	4.2524e-12	55.558	-15.36	-117.43	0.4244	-4.0141	12.354	0.55391	-0.17975	-10.64	-0.14676	0.14676	0.14676	-0.14676
-0.56906	5.7288e-13	1.7186e-12	52.826	-19.734	-120.64	0.38786	-4.7636	11.625	3.597	-1.3239	-9.1575	-0.17256	0.17256	0.17256	-0.17256
-0.54393	6.8207e-13	1.637e-12	53.874	-16.897	-119.95	0.40473	-6.0292	11.917	2.9911	3.1214	-11.797	-0.16131	0.16131	0.16131	-0.16131
-0.60411	6.0998e-13	1.586e-12	55.36	-19.628	-118.37	0.37923	1.9844	12.294	0.20951	1.0987	-7.9878	-0.18287	0.18287	0.18287	-0.18287
-3.3142	1.0787e-13	3.0203e-13	53.87	-18.139	-120	0.19655	-8.7554	12	0.19457	6.4718	-5.108	-0.2	0.2	0.2	-0.2
-2.1508	1.6598e-13	4.3155e-13	54.036	-18.266	-122.51	0.18429	-5.4527	11.918	-2.0912	8.4648	-4.6155	-0.2096	0.2096	0.2096	-0.2096
-60.169	1.4783e-14	1.774e-14	53.222	-22.735	-123.46	0.19074	-13.864	12.007	2.4977	4.9022	-5.5618	-0.19384	0.19384	0.19384	-0.19384
-1.7959	2.127e-13	5.1049e-13	54.837	-21.708	-116.93	0.16024	-3.0854	12.2	-0.63295	6.7499	-6.0047	-0.18016	0.18016	0.18016	-0.18016
-3.9553	9.3671e-14	2.4355e-13	52.963	-17.411	-119.58	0.23339	-10.382	11.819	-1.2772	7.3387	-3.4232	-0.18942	0.18942	0.18942	-0.18942
-3.7539	1.0416e-13	2.7081e-13	54.635	-12.164	-116.19	0.2203	-12.708	12.394	-1.1682	5.482	-3.9947	-0.18535	0.18535	0.18535	-0.18535
-4.3567	7.6434e-14	2.293e-13	52.313	-23.945	-118.23	0.20773	-8.0458	11.631	1.3613	4.4	-6.15	-0.19624	0.19624	0.19624	-0.19624
-1.6389	2.2423e-13	5.3815e-13	53.171	-14.486	-118.41	0.19667	-4.8482	11.731	0.32939	5.5476	-3.0853	-0.20183	0.20183	0.20183	-0.20183
-11.02	4.9139e-14	1.2776e-13	54.919	-19.503	-121.92	0.17374	-9.5619	12.279	1.0379	8.2501	-4.8993	-0.21462	0.21462	0.21462	-0.21462
-28.35	2.2064e-14	3.0889e-14	53.404	-15.398	-120.43	0.17195	-11.52	11.957	1.9595	6.3032	-6.7556	-0.20738	0.20738	0.20738	-0.20738
-2.9053	1.2838e-13	3.338e-13	54.737	-16.742	-120.86	0.2283	-6.624	12.146	0.092535	7.5909	-7.315	-0.2192	0.2192	0.2192	-0.2192
-1.3376	2.9717e-13	7.132e-13	52.913	-7.8238	-119.32	4.2093e-07	-15.399	12	3.1045	12	-6.922	-0.16402	0.16402	0.16402	-0.16402
-1.0422	3.7995e-13	8.359e-13	54.194	-3.3305	-120.28	0.01958	-12.138	12.152	3.3083	10.08	-7.654	-0.14774	0.14774	0.14774	-0.14774
-0.8464	4.4423e-13	1.0662e-12	52	-8.1231	-121.2	-0.00081817	-13.492	11.624	1.8031	14.221	-4.6775	-0.16444	0.16444	0.16444	-0.16444
-2.4709	1.4306e-13	4.0058e-13	51.353	-7.7737	-119.83	-0.035071	-20.818	11.923	1.6033	11.799	-9.2014	-0.16903	0.16903	0.16903	-0.16903
-1.3329	3.0684e-13	6.7506e-13	52.455	-4.6917	-122.6	0.03553	-14.664	11.771	2.2795	12.114	-8.2658	-0.16209	0.16209	0.16209	-0.16209
-1.4723	2.5674e-13	6.1617e-13	53.552	-6.2775	-118.14	0.027806	-16.801	12.273	0.75359	13.398	-5.9854	-0.17463	0.17463	0.17463	-0.17463
-1.2331	3.2845e-13	7.2258e-13	52.43	-11.557	-115.69	-0.023545	-11.379	11.755	3.7184	12.681	-7.0312	-0.14978	0.14978	0.14978	-0.14978
-1.8434	2.2161e-13	4.8753e-13	53.856	-10.754	-116.34	-0.0082368	-16.177	12.364	5.3314	9.7028	-8.5792	-0.15733	0.15733	0.15733	-0.15733
-1.4986	2.1187e-13	6.3561e-13	51.951	-9.6494	-122.09	-0.030096	-18.255	11.872	2.8687	10.605	-5.4813	-0.17845	0.17845	0.17845	-0.17845
-1.3189	3.0555e-13	6.7222e-13	54.389	-13.081	-118.67	0.01556	-10.033	12.177	4.3681	11.084	-6.8604	-0.15412	0.15412	0.15412	-0.15412
-0.51499	6.3593e-13	1.9078e-12	52.033	-2.1039	-117.45	0.006214	-19.079	12.012	4.6457	13.655	-5.8708	-0.18282	0.18282	0.18282	-0.18282
-3.1119	1.1793e-13	3.0663e-13	47.109	-5.8508	-80	0.19912	-27.277	12	-3.3812	9.491	-12	-0.11493	0.11493	0.11493	-0.11493
-2.28	1.4956e-13	4.4868e-13	45.556	-5.3634	-82.918	0.22455	-32.919	12.098	-3.4528	9.3602	-10.797	-0.10327	0.10327	0.10327	-0.10327
-0.58307	5.814e-13	1.5117e-12	45.163	-7.4037	-79.878	0.23692	-29.16	11.607	-5.0823	7.1191	-11.186	-0.096198	0.096198	0.096198	-0.096198
-6.7863	5.5405e-14	1.3297e-13	48.837	-8.7732	-78.41	0.17154	-23.847	12.212	-5.4632	8.9527	-10.234	-0.13365	0.13365	0.13365	-0.13365
-1.7446	2.2527e-13	5.4064e-13	47.613	0.10629	-82.224	0.21614	-22.924	11.706	-2.7424	11.093	-13.246	-0.11664	0.11664	0.11664	-0.11664
-1.9806	1.6989e-13	4.757e-13	44.643	-4.0042	-76.964	0.18407	-31.863	11.809	-4.6009	8.0089	-11.938	-0.10106	0.10106	0.10106	-0.10106
-2.3221	1.6795e-13	3.6949e-13	47.198	-1.1407	-78.165	0.17649	-25.715	11.911	-2.0685	10.532	-14.209	-0.10737	0.10737	0.10737	-0.10737
-2.6864	1.4592e-13	3.5021e-13	50.108	-6.9046	-81.044	0.21509	-22.155	12.37	-4.149	11.786	-12.507	-0.12887	0.12887	0.12887	-0.12887
-12.992	2.771e-14	7.2047e-14	48.07	-10.372	-83.749	0.16708	-28.021	12.303	-1.8681	10.243	-13.814	-0.12501	0.12501	0.12501	-0.12501
-5.3945	7.1462e-14	1.7151e-13	47.127	-2.3583	-80.652	0.19164	-26.912	11.954	-1.1684	8.2837	-10.075	-0.12134	0.12134	0.12134	-0.12134
-2.6813	1.2028e-13	3.6083e-13	45.945	-11.559	-76.54	0.2064	-30.123	12.016	-3.053	9.5151	-12.344	-0.11437	0.11437	0.11437	-0.11437
-7.0725	5.0972e-14	1.3253e-13	44.182	-4.4609e-05	-80	4.6543e-07	-34.538	11.936	-2.4391	12	-10.722	-0.10312	0.10312	0.10312	-0.10312
-2.281	1.7229e-13	3.7904e-13	44.617	4.4404	-81.993	-0.021298	-31.728	11.697	-2.9486	9.8397	-12.95	-0.097822	0.097822	0.097822	-0.097822
-5.8083	6.8178e-14	1.4999e-13	45.116	-1.8549	-78.713	0.013651	-33.305	12.097	-4.2493	13.32	-9.8336	-0.10141	0.10141	0.10141	-0.10141
-6.8831	5.9857e-14	1.3169e-13	43.726	-0.14711	-83.091	0.024463	-35.666	11.886	-2.3756	11.685	-9.3216	-0.10715	0.10715	0.10715	-0.10715
-1.9116	2.0428e-13	4.4942e-13	42.211	-4.5034	-78.234	-0.033236	-38.181	11.83	-3.4475	10.449	-11.178	-0.11766	0.11766	0.11766	-0.11766
-2.3061	1.7064e-13	3.754e-13	44.414	5.1519	-79.73	0.0025499	-34.001	11.95	-0.45929	12.674	-8.4071	-0.094732	0.094732	0.094732	-0.094732
-6.6549	5.7251e-14	1.374e-13	47.145	-5.6189	-83.542	-0.0089214	-30.126	12.252	-1.8513	12.357	-8.9115	-0.11487	0.11487	0.11487	-0.11487
-6.7784	4.8684e-14	1.4605e-13	45.179	-3.1354	-80.841	0.023595	-29.214	11.615	-2.4907	13.826	-12.258	-0.12081	0.12081	0.12081	-0.12081
-3.4861	1.1603e-13	2.5527e-13	43.193	1.8444	-80.133	-0.030464	-37.647	12.039	-1.0151	14.257	-11.399	-0.10465	0.10465	0.10465	-0.10465
-4.412	8.3635e-14	2.0072e-13	42.57	1.1475	-76.446	-0.0046013	-40.203	12.277	-4.5528	11.482	-11.968	-0.090593	0.090593	0.090593	-0.090593
-3.2674	1.212e-13	2.6664e-13	42.351	2.733	-77.181	0.032586	-36.295	11.634	-0.89397	10.835	-10.435	-0.085158	0.085158	0.085158	-0.085158
-34.903	1.381e-14	2.4857e-14	50.524	-16.037	-117.66	0.12414	-23.399	11.979	-2.4651	9.6394	-7.009	-0.14336	0.14336	0.14336	-0.14336
-6.6411	6.4598e-14	1.1628e-13	50.82	-16.944	-116.76	0.14697	-24.904	12.221	-3.9535	7.3609	-5.8775	-0.1537	0.1537	0.1537	-0.1537
-5.3757	7.1898e-14	1.5818e-13	50.841	-19.223	-117.58	0.092348	-19.176	11.757	-2.4695	10.456	-7.6712	-0.14088	0.14088	0.14088	-0.14088
-10.841	3.7358e-14	8.2188e-14	52.483	-14.464	-113.96	0.13068	-18.473	12.198	-0.071068	7.9534	-6.9731	-0.16184	0.16184	0.16184	-0.16184
-3.4918	1.1713e-13	2.5769e-13	48.747	-13.412	-114.66	0.12066	-24.238	11.587	-1.0497	9.6352	-4.875	-0.15828	0.15828	0.15828	-0.15828
-2.7269	1.4431e-13	3.1747e-13	51.829	-10.924	-115.51	0.14882	-22.686	12.301	-0.93378	10.694	-8.4789	-0.12509	0.12509	0.12509	-0.12509
-5.9333	6.9101e-14	1.5202e-13	49.701	-18.185	-119.23	0.10127	-27.299	12.098	-1.9194	11.296	-9.3095	-0.14394	0.14394	0.14394	-0.14394
-6.8774	5.787e-14	1.2731e-13	51.629	-12.327	-117.66	0.10864	-20.336	12.022	-3.8146	9.0697	-7.3369	-0.15004	0.15004	0.15004	-0.15004
-17.769	2.1413e-14	5.1392e-14	48.65	-20.252	-119.58	0.088987	-26.377	11.705	-4.4194	8.3805	-8.434	-0.12743	0.12743	0.12743	-0.12743
-5.0308	8.3287e-14	1.6657e-13	48.169	-21.472	-120.78	0.13812	-29.223	11.845	-2.3252	11.749	-6.0864	-0.13776	0.13776	0.13776	-0.13776
-3.7295	1.0403e-13	2.2888e-13	51.181	-15.502	-121.16	0.15741	-21.125	11.912	-3.0323	10.06	-5.4965	-0.13266	0.13266	0.13266	-0.13266
-0.96896	4.5513e-13	8.1923e-13	49.739	-22.077	-82.041	1.5168e-07	-17.374	11.942	-6.214	-6.4466	-12	-0.0053643	0.0053643	0.0053643	-0.0053643
-0.62573	7.9188e-13	1.267e-12	49.424	-18.707	-84.878	0.020833	-18.974	11.906	-7.2032	-8.6424	-12.465	-0.0024987	0.0024987	0.0024987	-0.0024987
-0.72624	6.5199e-13	1.0432e-12	50.958	-16.362	-79.517	-0.0021932	-16.131	12.231	-7.1365	-8.0934	-13.146	0.013661	-0.013661	-0.013661	0.013661
-1.4957	2.7044e-13	6.4905e-13	49.256	-23.344	-81.266	0.0056554	-14.304	11.656	-4.127	-4.4417	-11.608	-0.014448	0.014448	0.014448	-0.014448
-0.69844	7.4308e-13	1.0403e-12	48.52	-20.349	-79.943	0.024124	-16.865	11.613	-8.1047	-7.4803	-14.396	-0.023663	0.023663	0.023663	-0.023663
-1.2241	3.3862e-13	7.4497e-13	48.518	-25.318	-83.991	-0.016415	-20.917	11.821	-4.7375	-6.0606	-10.815	-0.012718	0.012718	0.012718	-0.012718
-1.4787	2.9317e-13	5.8634e-13	49.528	-26.754	-78.524	0.011429	-17.971	11.985	-8.1342	-4.8171	-9.8669	0.0062801	-0.0062801	-0.0062801	0.0062801
-0.92774	4.5379e-13	9.0759e-13	49.222	-17.804	-82.851	0.038858	-22.142	12.116	-4.9429	-5.3025	-13.668	-0.018039	0.018039	0.018039	-0.018039
-1.9003	2.1522e-13	5.1654e-13	51.412	-28.031	-85.688	-0.036768	-12.554	12.084	-6.4298	-5.8251	-10.289	-0.0091134	0.0091134	0.0091134	-0.0091134
-1.2004	3.5822e-13	7.1645e-13	49.798	-22.364	-80.649	-0.027866	-13.101	11.753	-5.4707	-6.9008	-12.842	0.0078319	-0.0078319	-0.0078319	0.0078319
-0.96913	4.4886e-13	8.0794e-13	49.507	-21.543	-82.632	-0.015987	-23.335	12.308	-5.7623	-7.0831	-11.046	-0.00086567	0.00086567	0.00086567	-0.00086567
-1.1	3.5864e-13	7.8901e-13	54.206	-22.245	-118.3	2.8155e-07	-0.00011999	12	-12	3.4025	-5.3418	-1.0887e-07	1.0887e-07	1.0887e-07	-1.0887e-07
-0.51104	7.7489e-13	1.8983e-12	34.335	-24.575	-95.207	0.089321	-32.185	8.427	10.834	-6.3641	11.334	-0.18923	0.18923	0.18923	-0.18923
